{
 "cells": [
  {
   "cell_type": "code",
   "execution_count": 53,
   "id": "21a1230e-586a-4ce2-acaf-efa052a16f44",
   "metadata": {},
   "outputs": [
    {
     "name": "stdout",
     "output_type": "stream",
     "text": [
      "Generated Data1:\n",
      " [[83 98 48 11 16]\n",
      " [ 2 40 74 99 44]\n",
      " [84 60 23 26 28]\n",
      " [79 53 57  1 32]\n",
      " [88 17 91 23 69]\n",
      " [72  3 56 52  5]\n",
      " [60 79 41 61 31]\n",
      " [70 78 44 87 56]\n",
      " [57  6 12 34 17]\n",
      " [92  2 77  4 21]]\n",
      "\n",
      "Generated Data2:\n",
      " [[10 17 14  3  6]\n",
      " [ 9  6  5 12 17]\n",
      " [10 16  8 13  6]\n",
      " [ 2  6 15 10 17]\n",
      " [ 4 17 10  1  2]\n",
      " [ 8 12  2 11 10]\n",
      " [13 16  3 15  5]\n",
      " [13  3  5 10 12]\n",
      " [12 12 11  3  6]\n",
      " [14 14  9  4  9]]\n",
      "\n",
      "Combined Data Horizontally:\n",
      " [[83 98 48 11 16 10 17 14  3  6]\n",
      " [ 2 40 74 99 44  9  6  5 12 17]\n",
      " [84 60 23 26 28 10 16  8 13  6]\n",
      " [79 53 57  1 32  2  6 15 10 17]\n",
      " [88 17 91 23 69  4 17 10  1  2]\n",
      " [72  3 56 52  5  8 12  2 11 10]\n",
      " [60 79 41 61 31 13 16  3 15  5]\n",
      " [70 78 44 87 56 13  3  5 10 12]\n",
      " [57  6 12 34 17 12 12 11  3  6]\n",
      " [92  2 77  4 21 14 14  9  4  9]]\n",
      "\n",
      "Sort Combined Data:\n",
      " [[ 3  6 10 11 14 16 17 48 83 98]\n",
      " [ 2  5  6  9 12 17 40 44 74 99]\n",
      " [ 6  8 10 13 16 23 26 28 60 84]\n",
      " [ 1  2  6 10 15 17 32 53 57 79]\n",
      " [ 1  2  4 10 17 17 23 69 88 91]\n",
      " [ 2  3  5  8 10 11 12 52 56 72]\n",
      " [ 3  5 13 15 16 31 41 60 61 79]\n",
      " [ 3  5 10 12 13 44 56 70 78 87]\n",
      " [ 3  6  6 11 12 12 12 17 34 57]\n",
      " [ 2  4  4  9  9 14 14 21 77 92]]\n",
      "(array([4, 9, 9], dtype=int64), array([2, 1, 2], dtype=int64))\n"
     ]
    }
   ],
   "source": [
    "import numpy as np\n",
    "\n",
    "# Generate a 10x5 array with random integers between 1 and 100\n",
    "data1 = np.random.randint(1, 101, size=(10, 5))\n",
    "\n",
    "# Generate a 5x5 array with random integers between 1 and 18\n",
    "data2 = np.random.randint(1, 18, size=(10, 5))\n",
    "\n",
    "# Concatenate data1 and data2 horizontally\n",
    "combined_data = np.hstack((data1, data2))\n",
    "\n",
    "print(\"Generated Data1:\\n\", data1)\n",
    "print(\"\\nGenerated Data2:\\n\", data2)\n",
    "print(\"\\nCombined Data Horizontally:\\n\", combined_data)\n",
    "sort = np.sort(combined_data)\n",
    "print(\"\\nSort Combined Data:\\n\", np.sort(sort))\n",
    "\n",
    "#SEARCHING\n",
    "s = np.where(sort==4)\n",
    "print(s)\n",
    "\n"
   ]
  },
  {
   "cell_type": "code",
   "execution_count": 79,
   "id": "52b1301c-d365-49ca-8e22-d1adbe9a4f3e",
   "metadata": {},
   "outputs": [
    {
     "name": "stdout",
     "output_type": "stream",
     "text": [
      "[[33 47 76 91 96]\n",
      " [42 36 49 94 33]\n",
      " [87 63 82 72 76]\n",
      " [ 9 19 45 83 23]\n",
      " [37 93 64 22 24]\n",
      " [65 29  9 71 31]\n",
      " [96 85 90 54 86]\n",
      " [51 99 98  2 49]\n",
      " [ 9 93  9 34 67]\n",
      " [14 20 62  4 90]]\n",
      "Found at:  (array([4, 8], dtype=int64), array([1, 1], dtype=int64))\n",
      "\n",
      "\n",
      " [[5 9 4]\n",
      " [8 9 1]\n",
      " [9 6 6]]\n",
      "\n",
      "All Even are:\n",
      " (array([0, 1, 2, 2], dtype=int64), array([2, 0, 1, 2], dtype=int64))\n",
      "\n",
      "\n",
      "=========== Filter Array =============\n",
      "[[False False  True]\n",
      " [False False  True]\n",
      " [False  True False]]\n",
      "\n",
      "\n",
      " [[7 6 1]\n",
      " [5 9 5]\n",
      " [8 2 3]]\n",
      "\n",
      "\n",
      " [1 5 2]\n"
     ]
    }
   ],
   "source": [
    "#SEARCHING\n",
    "\n",
    "import numpy as np\n",
    "ar = np.random.randint(1, 101, size=(10, 5))\n",
    "print(ar)\n",
    "s = np.where(ar==93)\n",
    "print(\"Found at: \", s)\n",
    "\n",
    "array2 = np.random.randint(1, 10, size=(3, 3))\n",
    "print(\"\\n\\n\", array2)\n",
    "even = np.where(array2 % 2 == 0 )\n",
    "print(\"\\nAll Even are:\\n\", even)\n",
    "\n",
    "print(\"\\n\\n=========== Filter Array =============\")\n",
    "bool_array = np.random.choice([True, False], size=(3, 3))\n",
    "print(bool_array)\n",
    "array3 = np.random.randint(1, 10, size=(3, 3))\n",
    "print(\"\\n\\n\", array3)\n",
    "\n",
    "newArr = array3[bool_array]\n",
    "print(\"\\n\\n\", newArr)\n",
    "\n"
   ]
  },
  {
   "cell_type": "code",
   "execution_count": null,
   "id": "526654c0-129d-48be-833f-812487d2d508",
   "metadata": {},
   "outputs": [],
   "source": []
  }
 ],
 "metadata": {
  "kernelspec": {
   "display_name": "Python 3 (ipykernel)",
   "language": "python",
   "name": "python3"
  },
  "language_info": {
   "codemirror_mode": {
    "name": "ipython",
    "version": 3
   },
   "file_extension": ".py",
   "mimetype": "text/x-python",
   "name": "python",
   "nbconvert_exporter": "python",
   "pygments_lexer": "ipython3",
   "version": "3.12.4"
  }
 },
 "nbformat": 4,
 "nbformat_minor": 5
}
